1.099535470391057714e+02 3.461074870770993073e+00 1.383104170580898018e-01
1.110273323608199121e+02 3.317158394291962686e+00 1.332707899734276724e-01
1.120647381193115564e+02 3.174395544662317992e+00 1.284611509416717923e-01
1.130400711391359465e+02 3.039781903607227331e+00 1.238756198184771118e-01
1.139469289651511161e+02 2.976549472421848641e+00 1.195213558973904355e-01
1.152904515427225220e+02 2.924632150567011202e+00 1.154343516696232086e-01
1.161331879649752636e+02 2.865617815752039554e+00 1.117033986927757488e-01
1.173383483484151668e+02 2.741125605268391663e+00 1.084909309674518402e-01
1.181602588169185566e+02 2.592644229322070615e+00 1.060211869210819641e-01
1.192067456191082044e+02 2.570238745536563840e+00 1.044978110244490083e-01
1.203515634821784488e+02 2.653159444592851024e+00 1.039434935342205962e-01
1.211009416175893421e+02 2.542402861338451281e+00 1.040316321635732233e-01
1.222887062156539599e+02 2.499305254700615375e+00 1.040510089491062662e-01
1.233008739858069731e+02 2.544590492745636645e+00 1.031133741194717873e-01
1.242462141826833886e+02 2.645356936612190513e+00 1.005487247389150601e-01
1.252515866290633966e+02 2.355732675426858158e+00 9.625266997484069331e-02
1.264998476257102880e+02 2.259414087481261380e+00 9.074061495707930192e-02
1.274450606304431517e+02 2.167649583541372937e+00 8.486856375566599608e-02
1.283310322289259489e+02 1.982167074907509763e+00 7.942234578877002682e-02
1.296923796805168081e+02 1.857900710307698100e+00 7.483821202923286731e-02
1.304556934683324130e+02 1.821044067746851569e+00 7.117143595539476841e-02
1.314917154472489358e+02 1.657016896769394787e+00 6.824085930302006830e-02
1.325894920656990053e+02 1.674848940875597991e+00 6.580311950315648195e-02
1.336127724888092132e+02 1.658503346084300167e+00 6.366040183604439184e-02
1.346461157172098808e+02 1.540449451345224707e+00 6.168980365135198762e-02
1.356673152140060097e+02 1.531375897396503927e+00 5.982832281234911481e-02
1.366403854140023100e+02 1.481575070218587697e+00 5.804781214281876794e-02
1.375715670582339385e+02 1.426404850642511990e+00 5.633635433685979521e-02
1.388211779715715295e+02 1.319416114015634856e+00 5.468835486457401807e-02
1.398609411691415971e+02 1.354437555116053460e+00 5.310036729019250445e-02
1.408086038130446980e+02 1.290252829045658967e+00 5.156963880653218923e-02
1.418841281212743581e+02 1.284791407789533491e+00 5.009367940472176511e-02
1.426991957478628876e+02 1.206296944419914308e+00 4.867014892599434012e-02
1.439497651170171650e+02 1.179024792885464468e+00 4.729682748238654005e-02
1.449768989418890612e+02 1.173873040353939690e+00 4.597160477825998348e-02
1.457314434761158850e+02 1.109853114992624956e+00 4.469247337352416638e-02
1.468016729166216692e+02 1.072054057270007243e+00 4.345752290944721041e-02
1.479478683854595431e+02 1.044079890626129936e+00 4.226493476943590094e-02
1.491154426143428111e+02 1.052386000977510561e+00 4.111297707709157812e-02
1.499419616037538106e+02 9.878558089740729908e-01 4.000000000000000083e-02
