2.990787092486446030e-01 4.123669730468728289e+01 9.186249683882917738e-01
6.405789733343194570e-01 4.341613916314078381e+01 9.581862381960831732e-01
4.843938080244674094e-01 4.111306817720532791e+01 9.434034305385711194e-01
8.320037120024207367e-01 4.365832085631701887e+01 9.722279409159548802e-01
8.240867834993983454e-01 4.364582455950485240e+01 9.717117930220335875e-01
3.611393831756773420e-01 4.045609459953067244e+01 9.281966235613574590e-01
3.640234773442527216e-01 4.120887012191287369e+01 9.286037848871658840e-01
8.573685031708799809e-01 4.557416096125142957e+01 9.738501781324211404e-01
1.305885240000913328e+00 4.460751283834227365e+01 9.966677989530569048e-01
9.999501948528267681e-01 4.320164060769267422e+01 9.821801765507816029e-01
4.242304596630080415e-01 4.215778560710131728e+01 9.364909123938535140e-01
5.342922076291979350e-01 4.122317110150234498e+01 9.485579994753428057e-01
7.033174559779620250e-01 4.297095765358132269e+01 9.631846737124888369e-01
7.364279175159845758e-01 4.283520710367410089e+01 9.656541998564681650e-01
4.334640278689659842e-01 4.280810117500282530e+01 9.376083510310695424e-01
5.848784631312969884e-01 4.399110575243700083e+01 9.533449166040572909e-01
5.359888048844761999e-01 4.346820530665387849e+01 9.487252758387287876e-01
9.800896273241978263e-02 3.862211075376147562e+01 8.648522498834892991e-01
8.138153356349060452e-01 4.261799837393514423e+01 9.710349552576991172e-01
1.016339914299536407e+00 4.537760897485618727e+01 9.830619449479428562e-01
4.294762404936247058e-01 4.232772915491118937e+01 9.371284667133101820e-01
6.341630460685546700e-01 4.227780316573088726e+01 9.576492344495491915e-01
1.935353972351959995e-01 3.922348859518455555e+01 8.971055401660137374e-01
4.324028886875017075e-01 4.164860484413575392e+01 9.374810533200207407e-01
1.177318442727233405e+00 4.513246801076839176e+01 9.910422866125151442e-01
6.695172176535730824e-01 4.336622489536121350e+01 9.605468684432810766e-01
4.536088752794538159e-01 4.029203006923945907e+01 9.399720719010133951e-01
8.370467956082864314e-01 4.274256802010921064e+01 9.725542568092728768e-01
3.939291912368573789e-01 4.093487022522989349e+01 9.326598437851991719e-01
5.909313192597542841e-01 4.259143633647510541e+01 9.538915157296704583e-01
9.841095887145148158e-01 4.433536006403095797e+01 9.813143131655337470e-01
4.831991560745381720e-01 4.238759000761149309e+01 9.432740825251262340e-01
8.578064037759763893e-01 4.344083271511723154e+01 9.738777742768744972e-01
2.595937685762884639e-01 4.029210823032040167e+01 9.115382243539766893e-01
7.266149910657330180e-01 4.367945894895232328e+01 9.649335371334205602e-01
7.269834346698923477e-01 4.319059214714945938e+01 9.649607631448425815e-01
3.204312833059852483e-01 4.067198437600119121e+01 9.221077737845839728e-01
1.144596219094497380e+00 4.482149890965401795e+01 9.895119681095008168e-01
4.877926066203036037e-01 4.121879683486803003e+01 9.437698184444479610e-01
1.091144951148163011e+00 4.404316153553649116e+01 9.869157577439625628e-01
1.752735163889435066e-01 4.087027869445051920e+01 8.923106548516329672e-01
2.932962424993055817e-01 3.973535879159774709e+01 9.176426776896985382e-01
1.589930922673128688e-01 3.799663801945834507e+01 8.876294421473263085e-01
6.940386941983204272e-01 4.462259015498416659e+01 9.624727471938160361e-01
6.147742524454417046e-01 4.223249096934842584e+01 9.559947311325955877e-01
5.609883783425118065e-01 4.239475914893598230e+01 9.511345286569238278e-01
1.532864041434655600e-01 4.077589305783509843e+01 8.858828336233376399e-01
5.850852291152592866e-01 4.215260489484724360e+01 9.533636757462236044e-01
4.034069910856264984e-01 4.105542306912578709e+01 9.338864245603614167e-01
5.358941847758965649e-01 4.300499159320590081e+01 9.487159597399186239e-01
2.308164456487436234e-01 4.008935847558927179e+01 9.057216083308665677e-01
6.264251528790544254e-01 4.316700548507858315e+01 9.569947271024189517e-01
5.890361076856988065e-01 4.232042399784601372e+01 9.537209364848515669e-01
7.571118137558237315e-02 3.698106006162007731e+01 8.529583321632259185e-01
6.361100433119788455e-01 4.314564232321225035e+01 9.578127348889746706e-01
1.100140030695271109e+00 4.464396672450438075e+01 9.873614055490389507e-01
8.397575279814896154e-01 4.245007843798043723e+01 9.727288712765335132e-01
1.737450701573583167e+00 4.487325861883213918e+01 1.012119630580355478e+00
1.310194580030789480e+00 4.311301957030975984e+01 9.968465467098414079e-01
8.419474083015993093e-01 4.390776733169057877e+01 9.728695366056538951e-01
3.705549555168363152e-01 4.156787853854694248e+01 9.295150485460202949e-01
6.432859254748394262e-01 4.257257479767427810e+01 9.584112852311453823e-01
5.159124512683949115e-01 4.177879111132275369e+01 9.467134655153911504e-01
3.023761954270113295e-01 4.098271391332614400e+01 9.191773775424014747e-01
4.424579819162552941e-01 4.139658930435250994e+01 9.386759147389089897e-01
1.677401857261834606e-01 4.049403601315593448e+01 8.901969181231356165e-01
4.951516154222808663e-01 4.108671674413961483e+01 9.445550801858106915e-01
1.528822643547369520e+00 4.391379530192016034e+01 1.005209510572537379e+00
2.420031834331597687e-01 4.228727315858571956e+01 9.080577013648591933e-01
2.378173822440154961e-01 3.900858498766311300e+01 9.071954127276533608e-01
7.679089523616251522e-01 4.228127143917508590e+01 9.679057096588769005e-01
6.080965329382573836e-01 4.317105116884320637e+01 9.554135149753301137e-01
5.107973864713269974e-01 4.270062305140212544e+01 9.461892683077494093e-01
2.262649915886346397e-01 4.088628694526907736e+01 9.047413090388611856e-01
3.284401760310028950e-01 4.140964402321088045e+01 9.233595578194734310e-01
1.062899414632609174e+00 4.403536444861671129e+01 9.854922732088643444e-01
4.683724813844069579e-01 4.161016689153461101e+01 9.416436569837662862e-01
5.631306297512735926e-01 4.190265927241359378e+01 9.513362941622621749e-01
7.346547115306958919e-02 3.875811458425629041e+01 8.515806579967929446e-01
3.819593091620054892e-01 4.128688986418468687e+01 9.310714477803788691e-01
4.837522012019198070e-01 4.263843258558994620e+01 9.433339988844952062e-01
6.310866257374777577e-01 4.473746270591903595e+01 9.573899225865900586e-01
1.120540392646390826e+00 4.414281413723754355e+01 9.883588214702655472e-01
6.440790283160195973e-01 4.295911137720359108e+01 9.584770518496529279e-01
7.286160579243207147e-01 4.368434624291554513e+01 9.650812470038675484e-01
2.648093040039382617e-01 3.933944917236921412e+01 9.125286941514204608e-01
7.775644503805483332e-01 4.386478930835135515e+01 9.685785539846503145e-01
9.068333497390657083e-01 4.434776142134137444e+01 9.768839547738887852e-01
6.518700458784538743e-01 4.184904970065954899e+01 9.591190723801631401e-01
4.848415685521424989e-01 4.087046461071394532e+01 9.434518346485518681e-01
2.671415650406057107e-01 4.019561358966747378e+01 9.129658437526464443e-01
5.912054021875604581e-01 4.230157353167841450e+01 9.539161422018597181e-01
5.567211825264836156e-01 4.090191695359599322e+01 9.507304740880445637e-01
1.265505575012219275e+00 4.471875539494124041e+01 9.949633481944019087e-01
5.177128436743579920e-01 4.161948044379095535e+01 9.468968235238256481e-01
5.355630174250552988e-01 4.252892354338180780e+01 9.486833416255359142e-01
5.639977977869397030e-01 4.189250451962339383e+01 9.514177635560387980e-01
8.859770569602949397e-01 4.160939028226475500e+01 9.756249222636134144e-01
1.719008566858404030e-01 4.021563038392534395e+01 8.913749394919561198e-01
6.882302497441158406e-01 4.398327514045771380e+01 9.620224670871803108e-01
8.058005198356946730e-01 4.297779730833428147e+01 9.705010677752287096e-01
7.310687006174814151e-01 4.179378642072989436e+01 9.652617628628565871e-01
8.494998704600096318e-01 4.365369971233974411e+01 9.733519599847317849e-01
5.818875975733326378e-01 4.241850053437974566e+01 9.530728688306969731e-01
1.360472625936910873e+00 4.477931181237958924e+01 9.988891526617590388e-01
2.625167733513089630e-01 4.071342054876883054e+01 9.120955443194946888e-01
1.315942591705460130e-01 3.710883666686353166e+01 8.786399482782053516e-01
6.141037329124739985e-01 4.183826150732097915e+01 9.559366391880890212e-01
2.328646909431443257e-01 4.078226439049078778e+01 9.061569901313368813e-01
1.262048828989532190e+00 4.555800247353485588e+01 9.948148963388504518e-01
4.004813312488825217e-01 4.153668016697221077e+01 9.335106453346239119e-01
3.007466118381030284e-01 4.090356264050024748e+01 9.189050748459498541e-01
4.999501160156535340e-01 4.158727658587038434e+01 9.450613118857148498e-01
1.128286383002902626e+00 4.614746015249433242e+01 9.887328085831560420e-01
1.007512251842727080e+00 4.435437999831518141e+01 9.825887729447170260e-01
3.461812402033175862e-01 4.231371304836842029e+01 9.260359117416511188e-01
4.169648621209131600e-01 4.144898951405838972e+01 9.355957909238670211e-01
2.919298340890087440e-01 4.084227207417106342e+01 9.174079752275098310e-01
1.068236107527684942e+00 4.409088174475772348e+01 9.857640792957147458e-01
7.292292713803470994e-01 4.279179647423753607e+01 9.651264341857098694e-01
7.531542593648054007e-01 4.499779656987366394e+01 9.668616868690307342e-01
1.063254131686174109e+00 4.569010794657241092e+01 9.855103814338862511e-01
8.229064267868051452e-01 4.244731849373868471e+01 9.716344289195862904e-01
6.189455574388101899e-01 4.285680021450753685e+01 9.563547881933271988e-01
3.749123500204670223e-01 4.184246033575451662e+01 9.301148368152867274e-01
2.661405856079814281e-01 4.116158261274652119e+01 9.127786536700813746e-01
4.074748639439021991e-01 4.275225161833468945e+01 9.344047740085719145e-01
6.758392095565428637e-01 4.264339355172567281e+01 9.610497105924115102e-01
1.912487007980030462e-01 4.050392564977263987e+01 8.965285800900718582e-01
1.692070853048465440e-01 3.953992182285113444e+01 8.906152999960468275e-01
3.986256258708625322e-01 4.187314863749571714e+01 9.332709850795820605e-01
6.109858826718751468e-01 4.169888480090515515e+01 9.556657313626346628e-01
9.511405667153519650e-01 4.304138558991397900e+01 9.794673863862771723e-01
3.718993595743668723e-01 4.136684621655372496e+01 9.297007900401105251e-01
2.842041152259424108e-01 4.082960264145093277e+01 9.160617538696145257e-01
2.510592556146766241e-01 4.240832593878782575e+01 9.098774670780577223e-01
1.834976709374578130e+00 4.734419936716403043e+01 1.015061521514097675e+00
2.894343053842008961e-01 4.027643213997077964e+01 9.169767236692928369e-01
3.944541434769466837e-01 4.126273204913328385e+01 9.327284861843847530e-01
5.911011968136057337e-01 4.161068831701266646e+01 9.539067805645911058e-01
8.499973537151321590e-02 3.713840983180102029e+01 8.582713063668268028e-01
1.064881110887643922e+00 4.319819811054424719e+01 9.855933616959815513e-01
1.467775626301497605e+00 4.507865241798115363e+01 1.003003516119456817e+00
5.811357372405799859e-01 4.139287790934133682e+01 9.530042739542909924e-01
2.037380020145222459e-01 3.947641805263083370e+01 8.996056162472462203e-01
4.058699222377129545e-01 4.186414239694707362e+01 9.342008342430861978e-01
7.553232098718430931e-01 4.274006526824611996e+01 9.670163814289353121e-01
2.584395539959905563e-01 3.977565348786763622e+01 9.113165709225876654e-01
5.773076922718344273e-01 4.167759162844858878e+01 9.526537340055127867e-01
3.614753010814423795e-01 4.253292394797165343e+01 9.282441996275619944e-01
1.437909627654423206e+00 4.680971823764256357e+01 1.001889914317777741e+00
6.865045615550161573e-01 4.249361454404270688e+01 9.618879932984714110e-01
3.484651983514541751e-01 4.112203894330768605e+01 9.263712945274946708e-01
2.274031779593162494e-01 3.916924547513335852e+01 9.049881380416607835e-01
8.186006343771372595e-01 4.420631205862969892e+01 9.713513029048576053e-01
8.277467980570554218e-01 4.379201796131014390e+01 9.719510023975144186e-01
7.982134042571220611e-01 4.455805880765901605e+01 9.699909327781824908e-01
1.107641752133928792e+00 4.390349331276195244e+01 9.877303043846288322e-01
6.769442973434997013e-01 4.437190480309959639e+01 9.611371496046483553e-01
5.911683465071025934e-01 4.354617329224760880e+01 9.539128133585296210e-01
3.071703800004413343e-01 4.176907509274699493e+01 9.199707731345572181e-01
7.198097504757020593e-01 4.371726987300210965e+01 9.644282833930500898e-01
1.269844914697768834e+00 4.470764939586641162e+01 9.951491260705631614e-01
1.035211686726850155e+00 4.493509575396785038e+01 9.840600298788474420e-01
1.789220002717151869e+00 4.393742299333484169e+01 1.013701919893069681e+00
8.851221435327810694e-01 4.386634051451287064e+01 9.755726998790363869e-01
5.710024890067575409e-01 4.291085046964461469e+01 9.520715860615155401e-01
4.948453553172283970e-01 4.186990464877418106e+01 9.445226162191673325e-01
1.036791260799150072e+00 4.420692024763798145e+01 9.841427528620124709e-01
1.425508961397476737e+00 4.612263515368847067e+01 1.001420593504340983e+00
6.136620665405586594e-01 4.263365789065671407e+01 9.558983418459263692e-01
4.303591804090535766e-01 4.260955137970657347e+01 9.372350709002725822e-01
3.985516812026785316e-01 4.217872032590222631e+01 9.332614140817964143e-01
9.893703980421756361e-01 4.294828906650512579e+01 9.816033863411862681e-01
3.179905145434508418e-01 4.259908206175240508e+01 9.217205921216438114e-01
7.634047672526232953e-01 4.198711346921659526e+01 9.675890533987461239e-01
4.300208251716502450e-01 4.376009792062352233e+01 9.371942424612512701e-01
8.569404540316404306e-01 4.236158181160778469e+01 9.738231896026574574e-01
8.281255692309666960e-01 4.366891191789721205e+01 9.719756995380518516e-01
7.232869255344781534e-01 4.382585007094350971e+01 9.646870122051097729e-01
6.412215177637677899e-01 4.433896536406271593e+01 9.582397383474929864e-01
5.283789585772936670e-01 4.260833730241456152e+01 9.479710909351755088e-01
9.246064545467848061e-01 4.239962596947570717e+01 9.779347718854398686e-01
7.357172036864420006e-01 4.405442081276515864e+01 9.656023139517418974e-01
4.891573961269314874e-01 4.179515280691724399e+01 9.439162769240277973e-01
1.340030572649994478e-01 3.995888195195446713e+01 8.794970461772058101e-01
4.282537314505963644e-01 4.331966248751352566e+01 9.369805301958561428e-01
7.581494364715190004e-01 4.474179275200128103e+01 9.672173171748781328e-01
5.139082922339931470e-01 4.102697631841948578e+01 9.465086547651818671e-01
4.143073687663598736e-01 4.151406881021391371e+01 9.352648017551991044e-01
6.589485744343763773e-01 4.373261535206958683e+01 9.596961230954790256e-01
2.440584498120370593e-01 4.033040075826125559e+01 9.084761017580339493e-01
2.828927766374940145e-01 4.025439487930440663e+01 9.158299347111963362e-01
7.660946225816905875e-01 4.362142993565293381e+01 9.677783722531886346e-01
2.448036976476601900e-01 3.952449057827060130e+01 9.086270183121959443e-01
4.330170712704966007e-01 4.205697064710449951e+01 9.375547676780102702e-01
6.237528842821805641e-01 4.192673575296533528e+01 9.567669233700192288e-01
2.223631444529104717e-01 4.152393442913258781e+01 9.038864121713495736e-01
8.581669148183482809e-01 4.439516600737842111e+01 9.739004831391337991e-01
1.234223395621052433e+00 4.451474500264036749e+01 9.936047879219391810e-01
1.489239180745446811e+00 4.595699063982512911e+01 1.003789634909495687e+00
1.012829723814642424e+00 4.297464072180798667e+01 9.828742823932994366e-01
6.459653578997294199e-01 4.241892636874231215e+01 9.586331656122636380e-01
1.166434479482580056e+00 4.450550897094121439e+01 9.905380491965086742e-01
7.508768028801490191e-01 4.226655229985038176e+01 9.666987935597248782e-01
7.411272387411133034e-01 4.227976376809384362e+01 9.659960757461488745e-01
1.499930516809611369e-01 4.014610287711830239e+01 8.848471839686109508e-01
4.857434835804849138e-01 4.379060508433969545e+01 9.435492085795641470e-01
3.681923342650842979e-01 4.148682508010653436e+01 9.291871298966295489e-01
4.073428273006245992e-01 4.183511769757584631e+01 9.343880240109317947e-01
2.024128297777240959e-01 4.022465539699181392e+01 8.992874913475762400e-01
7.971857594163643812e-01 4.320365010224242752e+01 9.699214781025503607e-01
5.410396574563977046e-01 4.285440826491159783e+01 9.492203622673659469e-01
6.794553996935978057e-01 4.397989876297060619e+01 9.613353359691473310e-01
6.485290217590911066e-01 4.344260403917958513e+01 9.588446471590027498e-01
4.339670116908995734e-01 4.003691357647508653e+01 9.376685903940523703e-01
4.913462078877235961e-01 4.268224700970699104e+01 9.441503746722106349e-01
4.671241970915319675e-01 4.174152074397294854e+01 9.415042193205513943e-01
5.177361773526328870e-01 4.192170487278468016e+01 9.468991960127448593e-01
1.548467747530762884e+00 4.417144532816153202e+01 1.005900284077658524e+00
4.358255413008543244e-01 4.115522330728831690e+01 9.378906190565757806e-01
9.428743312465351356e-02 3.906409874696483797e+01 8.630584582409580596e-01
1.133672716050288631e+00 4.315938812636363053e+01 9.889913623144803712e-01
9.936769788719808094e-01 4.462187817143988156e+01 9.818389023687498218e-01
4.197321867830997588e-01 4.212168265240160991e+01 9.359384043043914581e-01
6.483520297190370485e-01 4.377970604232262275e+01 9.588300721468052679e-01
4.242376442281952098e-01 4.034944698486151538e+01 9.364917905314069646e-01
3.158092151514917401e-01 4.092120868044214177e+01 9.213722636776696673e-01
3.239176888696151391e-01 4.053923330536523650e+01 9.226561737498633065e-01
4.705072823552672867e-01 4.142027190629254818e+01 9.418813277363349279e-01
1.907601751258497513e-01 4.134362740989239882e+01 8.964044956850222290e-01
6.689690185050332083e-01 4.425732175771105403e+01 9.605030537194889639e-01
7.902257721004491975e-01 4.303370837625506340e+01 9.694487972308973855e-01
1.173010729810822772e+00 4.493235805131665472e+01 9.908432768587561723e-01
4.380459502506022784e-01 4.230714752542490231e+01 9.381547390797030372e-01
3.792103119360694108e-01 4.141397568176808619e+01 9.307002171028494475e-01
4.347241937510645804e-01 4.151873074095294669e+01 9.377591524230441955e-01
9.008668044642745842e-01 4.320032192114924641e+01 9.765266778532892822e-01
1.066312199223648838e+00 4.445281171975008050e+01 9.856662471631697509e-01
4.764052431544645860e-01 4.133477262582653111e+01 9.425328128844643327e-01
5.208123559429855137e-02 3.752124745920389159e+01 8.359628206667479855e-01
1.513039730798354521e-01 3.908174066088106002e+01 8.852619319901916528e-01
2.578765229200248865e-01 4.046283982787090849e+01 9.112081183875508916e-01
6.180981314237433688e-01 4.258256905698711137e+01 9.562818255953929869e-01
2.256226889832222415e-01 3.941368846221556055e+01 9.046015149528511268e-01
3.793818452825397647e-01 4.227876981737730233e+01 9.307234534136733517e-01
1.735081020456982481e-01 3.933332538072475870e+01 8.918229527942708179e-01
6.398257184537952114e-01 4.355480090146742356e+01 9.581234554393012193e-01
1.184926516903867660e-01 3.838537652977002068e+01 8.737043583184085360e-01
9.535348969722822199e-01 4.445745366274874044e+01 9.796036170524456965e-01
3.861714055588573169e-01 4.229509767463635939e+01 9.316355324205674027e-01
7.943866199872237077e-01 4.135263539387312903e+01 9.697318565940418189e-01
5.866953190803443352e-01 4.020010680062340924e+01 9.535095413160851185e-01
1.455809715436012786e-01 3.959152859860650864e+01 8.834261006240847758e-01
5.886602920618637658e-01 4.116333071060664395e+01 9.536870499317328109e-01
6.772033445431733245e-01 4.199092262705611489e+01 9.611576268824331137e-01
2.924754145058937604e-01 3.995905061567625438e+01 9.175018076006936640e-01
8.503473898876906523e-01 4.145500841246423107e+01 9.734058368589036947e-01
6.312930247851983312e-01 4.435703690733151205e+01 9.574073572428085654e-01
5.800597738828694450e-01 4.155012461240227140e+01 9.529059652996718643e-01
6.477262928343057169e-01 4.311968479383951092e+01 9.587785135598432262e-01
7.062942739037634254e-01 4.412333787760366732e+01 9.634111822036645068e-01
3.369409031867363069e-01 3.976626790980031956e+01 9.246580316382635445e-01
8.358406254824528592e-01 4.316443996426070839e+01 9.724763842015090587e-01
9.565045185138134620e-01 4.380357936236264038e+01 9.797721149604683433e-01
7.545467718923117850e-01 4.355220431535255443e+01 9.669610530287064964e-01
7.131210287012987870e-01 4.474994410144491042e+01 9.639272221829512377e-01
5.113646791206559739e-01 4.284864958528947909e+01 9.462476447898597876e-01
9.573345582386615371e-01 4.336271827361880327e+01 9.798191201189914157e-01
6.833083448928193304e-01 4.456164757311055524e+01 9.616380791225910274e-01
4.061458502965110684e-01 4.200109668112411754e+01 9.342359490673911582e-01
5.483398260392189361e-01 4.207004435925470887e+01 9.499283690829306570e-01
4.517206484748914064e-01 4.365025400658711874e+01 9.397546696897033369e-01
1.340283313091857054e-01 3.921118206315469479e+01 8.795059626958524612e-01
5.986831281295631468e-01 4.133337949438154624e+01 9.545839205339424760e-01
9.436949809473351714e-01 4.576409992122544423e+01 9.790415956046709667e-01
1.265843439720293784e+00 4.644111976496024852e+01 9.949778360517006481e-01
7.027890571727966051e-01 4.349758521155445834e+01 9.631443720973659195e-01
1.944044802368422864e-01 4.016809809616857763e+01 8.973231739947752361e-01
4.633147658845487848e-01 4.304864485754250580e+01 9.410765543541700362e-01
1.512100448963278332e-01 4.032272547119152506e+01 8.852323263432658740e-01
2.851185607354598250e-01 3.843386010988415791e+01 9.162228318501152158e-01
5.885595803533630876e-01 4.200226136122341103e+01 9.536779655101369491e-01
2.840601681354833485e-01 4.153862794961350602e+01 9.160363546746705943e-01
5.896213241514839387e-01 4.382525268367478333e+01 9.537736639651778203e-01
5.449237985828001563e-01 4.235896239420010545e+01 9.495981665888773016e-01
9.835269120460099490e-01 4.300925603002015407e+01 9.812822025339817955e-01
7.455099567034281227e-01 4.471513415696560401e+01 9.663130558580832474e-01
1.073557171153509016e+00 4.402722087889591052e+01 9.860337518734791917e-01
3.648799239911507120e-01 4.047328772196894420e+01 9.287241245592844363e-01
3.492254061351662831e-01 4.151076522092413512e+01 9.264824793376819079e-01
7.214056083293561850e-01 4.371132590210623903e+01 9.645471752702848844e-01
1.067569122558555517e+00 4.587682204840083244e+01 9.857301824281745617e-01
1.554226504521877272e+00 4.339576512624422833e+01 1.006101076649941861e+00
6.589808316764526053e-01 4.423166487347736364e+01 9.596987393034633884e-01
4.036573576238654537e-01 4.221255244619001701e+01 9.339184659143648926e-01
6.259396861575521331e-01 4.265593314198944341e+01 9.569534104897314819e-01
8.910906400944396122e-01 4.432935239087761659e+01 9.759362650780272208e-01
6.462404924425316777e-01 4.318423761106576819e+01 9.586558999263082859e-01
2.364673259715917297e-01 4.054439435012671566e+01 9.069143287592654756e-01
3.710201546305467724e-01 4.234566555748402550e+01 9.295793897534215811e-01
1.607384714611943988e+00 4.715282270537774423e+01 1.007919329422399812e+00
4.798450048282945080e-01 4.202788232128366275e+01 9.429093316927014135e-01
5.963622146816760505e-01 4.362938130855179253e+01 9.543774990413028680e-01
5.559000692446336434e-01 4.320953255970842832e+01 9.506523924259719927e-01
3.039395270157354556e-01 4.043920380564978245e+01 9.194373513459559444e-01
2.781508725716346220e-01 4.005211657140779380e+01 9.149833741461208536e-01
5.342884191534814642e-01 4.400391178366605516e+01 9.485576253966673255e-01
1.684032916191589679e+00 4.809603252263553230e+01 1.010435107659584775e+00
4.511976854342302223e-01 4.194814979857166293e+01 9.396943097608277951e-01
7.379721537898612516e-01 4.294413046029507797e+01 9.657667726019033561e-01
2.865180902318276712e-01 3.911643680500857556e+01 9.164684440138060051e-01
1.882377475164501712e-01 4.216350768146647710e+01 8.957591064234177169e-01
2.714075028083061669e-01 4.056334242417617730e+01 9.137564761467429353e-01
2.747020511961688061e-01 4.081283079950846115e+01 9.143593324454191151e-01
3.693566223051333308e-01 4.157472515867406315e+01 9.293489667800182152e-01
5.638522816139921456e-01 4.281630517375975131e+01 9.514041006631168695e-01
8.144001298010362655e-01 4.499839399440040921e+01 9.710737111168645797e-01
1.010634778942765433e+00 4.556709613657126567e+01 9.827566094546231756e-01
6.554844736115521542e-01 4.364644663804134694e+01 9.594144614294816131e-01
9.484754918830557990e-01 4.540178817992948268e+01 9.793153552278706098e-01
6.178381237900900658e-01 4.315112555855855447e+01 9.562594203055750919e-01
7.147993046119905935e-01 4.215616563977666686e+01 9.640533637246270215e-01
5.642501472805775409e-01 4.291764529649059767e+01 9.514414495001862759e-01
1.033272122872143983e+00 4.241372510656383099e+01 9.839582832151743119e-01
1.656331649024504749e-01 3.930344053510033575e+01 8.895899993541626083e-01
8.287853498659205620e-01 4.402169686369845181e+01 9.720186933668599760e-01
2.608091575379888893e-01 4.009566061598891196e+01 9.117706527419423557e-01
1.738915119473775917e-01 3.986014462212535392e+01 8.919292598169806796e-01
1.742611654237083418e-01 4.145686405721440337e+01 8.920315476742071148e-01
1.652428150580759481e-01 3.783503752766574024e+01 8.894767764424841294e-01
5.465566063483098258e-01 4.200232880163506621e+01 9.497562382944920722e-01
4.594766176038698746e-01 4.148566623058612635e+01 9.406423685142496494e-01
2.467726208026206791e+00 4.764114795090927146e+01 1.030911220068951639e+00
2.276509050039043913e-01 4.026842614368482032e+01 9.050417103272271335e-01
4.017198551550084651e-01 4.170478774353591689e+01 9.336700312197235840e-01
2.053630588680685154e+00 4.434012379003617355e+01 1.021107427022644121e+00
4.565513080255845235e-01 4.277938841877280396e+01 9.403091920676768245e-01
1.018084208480967368e+00 4.354240246487383814e+01 9.831549610338206069e-01
5.918483925746437224e-01 4.150596796375617714e+01 9.539738731794814575e-01
1.275868479281454748e+00 4.538260708107335972e+01 9.954059516945891195e-01
1.023290784448259050e+00 4.405220038292062412e+01 9.834316737683275189e-01
8.230832367800413607e-01 4.233772442183575180e+01 9.716460243980222788e-01
1.353207806885403097e-01 3.928363617243443429e+01 8.799598515162346812e-01
1.336370031504198419e+00 4.556515783990026591e+01 9.979196691100000738e-01
5.495727361979433345e-01 4.264406400628496385e+01 9.500470745519261628e-01
3.118955204743175114e-01 4.133822827259092492e+01 9.207417395372820001e-01
9.979660914009095274e-01 4.375698935848188142e+01 9.820724663207238692e-01
3.245570854289636653e-01 4.030222691313026218e+01 9.227561624727819156e-01
2.551463390869689318e-01 4.206042356577668073e+01 9.106791296264049596e-01
7.514233703477248838e-01 4.399524114414697351e+01 9.667379294731541783e-01
1.430723942933118664e+00 4.437606677091329033e+01 1.001618466497665283e+00
5.628185193400198072e-01 4.266245632737063431e+01 9.513069430735143772e-01
4.898442248953602252e-01 4.332761279778507202e+01 9.439898389001535328e-01
1.173324759588231236e-01 3.841942241682968273e+01 8.732429699277782786e-01
6.252972151723473759e-01 4.279501736532289158e+01 9.568986852860209558e-01
1.352457215876423202e+00 4.528161199299922401e+01 9.985686924352680238e-01
1.374535182190295801e+00 4.456425418599334165e+01 9.994467812587609634e-01
1.164595873829696870e+00 4.272947582472576755e+01 9.904524048604855802e-01
2.936117518649893898e-01 4.005587361319357598e+01 9.176967293508863088e-01
6.414002056542191799e-01 4.392277393698228138e+01 9.582546074380532408e-01
4.654981007968664319e-01 4.114278203257597255e+01 9.413220615256262525e-01
4.281211631978619203e-01 4.217810864415587702e+01 9.369644646829005108e-01
1.431472095818955570e-01 3.971906087818774012e+01 8.826249734808966352e-01
9.818917871552920174e-01 4.510506117614630739e+01 9.811919926846944806e-01
6.918462697977200149e-01 4.289533805112785103e+01 9.623032090012064721e-01
2.065771989672705866e-01 4.034218009724668974e+01 9.002808444032174284e-01
1.027354472270192387e+00 4.269226018119835686e+01 9.836466813669630938e-01
8.277270435281515182e-01 4.352433551523304089e+01 9.719497140368261734e-01
3.942750900777750034e-01 4.135818655278364986e+01 9.327050827099766517e-01
8.844552501551062873e-01 4.306698047570755250e+01 9.755319286091369557e-01
5.396348408864436452e-01 4.222079863611060802e+01 9.490830953044557816e-01
1.154276204592216137e-01 3.851217086607179851e+01 8.724760651125529343e-01
4.811639424258803976e-01 4.180437257718627109e+01 9.430530416118287906e-01
4.910157280005277847e-01 3.972933662993305148e+01 9.441150911829145898e-01
3.357553083309658404e-01 4.317999625476342374e+01 9.244787445832344241e-01
9.054513012060909638e-01 4.450972762325292109e+01 9.768014021065303254e-01
7.758845983026328996e-01 4.327062506384883989e+01 9.684620718295977593e-01
6.073491844973445408e-01 4.408701535065971910e+01 9.553480942879682969e-01
5.277227468964624801e-01 4.246014109346716481e+01 9.479055835274832198e-01
5.232972102614632526e-01 4.266920661172213158e+01 9.474618082182399981e-01
3.567718690129016434e-01 4.180007035522280034e+01 9.275743351800704861e-01
6.243844372503125628e-01 4.208661589437441819e+01 9.568208443976912170e-01
7.873725443851835593e-01 4.339887721299171375e+01 9.692538642288985873e-01
3.596416226825935314e-01 4.008287345785968370e+01 9.279840012221094447e-01
5.517855651544645301e-01 4.238017334107541956e+01 9.502595056210628721e-01
2.176509649466697172e-01 3.964037706470656275e+01 9.028354220136610708e-01
7.375280860415941442e-01 4.280200191007084243e+01 9.657344237399061448e-01
1.019863749026739042e+00 4.484399331019228896e+01 9.832496947105101581e-01
5.900118231349715803e-01 4.245641400838841406e+01 9.538088202886904066e-01
1.827155319778708042e+00 4.445332152451160113e+01 1.014831622350625517e+00
2.888204512129157187e-01 4.060298923324173614e+01 9.168701227710023272e-01
9.370241605089028869e-02 4.015533097983511368e+01 8.627704038655249486e-01
4.993156931895436634e-01 4.151101324459465758e+01 9.449946406744047511e-01
1.171576057929959447e+00 4.461820271247433567e+01 9.907768348024293958e-01
9.352601257829669112e-01 4.261707413980911241e+01 9.785552381617214079e-01
5.121382733225070538e-01 4.270761755483253808e+01 9.463271536214762358e-01
1.070474806605333340e+00 4.449544958679978635e+01 9.858776990333449897e-01
3.259721676577810867e-01 4.159044198401045378e+01 9.229768137340970124e-01
3.845570161337204529e-01 4.159855246654143457e+01 9.314200031692385640e-01
7.391306059428992548e-01 4.311634193825001660e+01 9.658510744983067609e-01
7.500285751643356313e-01 4.334878414227683407e+01 9.666380038058279833e-01
1.099634926764994081e-01 4.029807664827416147e+01 8.702083355141263521e-01
3.709722290897907171e-01 3.912506846054940013e+01 9.295727646383832310e-01
6.019465931384818669e-01 4.314833442110891326e+01 9.548729052494783209e-01
1.167645987967598664e+00 4.358302569607040766e+01 9.905944088651823520e-01
4.102996728250251079e-01 4.161314324502742323e+01 9.347619361736859700e-01
2.384655064293828008e-01 3.938893152226610539e+01 9.073298340414081009e-01
5.467930464535295521e-01 4.367608584587253517e+01 9.497790914961896647e-01
7.208421114636003324e-01 4.377613711903032367e+01 9.645052232611216469e-01
3.804785937372723859e-01 4.182010371659563219e+01 9.308717942473495599e-01
9.674354472038269037e-01 4.487416370347195027e+01 9.803879509869742881e-01
1.080249725897947322e+00 4.415707276168005535e+01 9.863710549470323663e-01
8.078436648379211382e-01 4.420115975941845932e+01 9.706376516201860039e-01
3.526500815671753664e-01 4.318870773296349341e+01 9.269806268108412572e-01
1.200375650977685282e+00 4.448741544958546967e+01 9.920952469116598449e-01
1.201219264265273701e+00 4.555428562811758297e+01 9.921333869338869738e-01
7.762465257206607738e-01 4.228100908406874225e+01 9.684871885962317295e-01
1.095660416278730009e+00 4.580855975441529182e+01 9.871399244222658353e-01
3.345435265080289877e-01 4.119481905610942363e+01 9.242948979590596137e-01
5.294146991926957924e-01 4.307766609313458162e+01 9.480743315820590045e-01
8.703104046865267618e-01 4.294173939139698604e+01 9.746600517045541645e-01
1.283685430176105147e+00 4.254525411870854157e+01 9.957374243605410236e-01
6.555753254624490101e-01 4.189068817961606328e+01 9.594218664371106930e-01
1.096028261811054394e+00 4.405399410143276384e+01 9.871581453469215894e-01
7.128885940917979447e-01 4.226831662619132146e+01 9.639097297803967956e-01
1.527336036945237396e-01 3.987967999711506195e+01 8.857104487135546433e-01
9.115572956088678902e-01 4.392019618472668441e+01 9.771652021174088709e-01
4.332392015136587449e-01 4.126327060145709424e+01 9.375814041054687520e-01
1.191935907523826277e+00 4.429963657079479589e+01 9.917121971206738218e-01
5.198584921447290119e-01 4.214755894349211474e+01 9.471145713198615423e-01
2.432663954043171040e-01 4.059765043238529358e+01 9.083152431435190799e-01
1.349867555753080817e+00 4.407903505977498071e+01 9.984647448440244766e-01
1.061595952264172138e-01 4.072386272447467093e+01 8.685661888176048340e-01
6.958512052964948014e-01 4.280935926166229422e+01 9.626125231487691059e-01
2.567030027994781638e-01 4.041651326446131520e+01 9.109813734050636880e-01
2.694614609820268902e-01 4.148586175317880986e+01 9.133972250919671909e-01
6.676684297984866179e-01 4.425747504992740033e+01 9.603989681736193607e-01
1.523832697164253513e+00 4.558449515746988112e+01 1.005032603605267250e+00
7.158764306264385757e-01 4.313404390379513131e+01 9.641341733987333074e-01
7.987181099783953186e-01 4.344193586598672141e+01 9.700250124259028883e-01
4.748064089142520761e-01 4.386691541274700512e+01 9.423569466263146399e-01
2.553513926583160787e-01 3.985014293989551959e+01 9.107190394666540012e-01
3.184178604916077515e-01 4.077581259317810236e+01 9.217885782792447635e-01
8.024570944120305027e-01 4.297922323961549296e+01 9.702768386953453117e-01
1.686900515456172811e-01 3.898553488627199926e+01 8.904682185625011348e-01
5.255159592937002078e-01 4.439578259625884016e+01 9.476847300669828389e-01
2.903983291107478104e-01 4.087580897447093520e+01 9.171437178738889306e-01
6.491252663605929785e-01 4.211403464010537334e+01 9.588937193121179758e-01
5.762504882966202890e-01 4.228882322730033394e+01 9.525565407493777892e-01
5.900353987703228498e-01 4.178028496582592055e+01 9.538109420866729415e-01
8.845085740620814985e-01 4.532928873277460724e+01 9.755351897257423799e-01
1.202782413927247163e+00 4.461078208225036690e+01 9.922039864621805538e-01
3.001772282828917837e-01 4.051412383333747869e+01 9.188096129852404426e-01
7.365948831421619269e-01 4.181192283219272099e+01 9.656663822975144473e-01
7.194061851353790171e-01 4.336926559002569803e+01 9.643981778376593539e-01
3.504496253687084395e-01 4.055405617035948040e+01 9.266610637132535189e-01
1.112354230874201155e+00 4.440859574102930196e+01 9.879607721417759114e-01
5.601876559949034995e-01 4.203581728153561414e+01 9.510589286954130861e-01
5.820644535384487117e-01 4.329821865088975841e+01 9.530889919656135856e-01
3.983135532751817531e-01 4.075317633125295913e+01 9.332305810085343989e-01
4.100290491399448123e-01 4.250132359445360208e+01 9.347278171810615710e-01
4.053521003105350351e-01 4.159836803623670676e+01 9.341348765772983231e-01
1.486512355563489152e+00 4.449111257275233555e+01 1.003690406697832938e+00
3.083159951251112085e-01 4.196393818060650460e+01 9.201586855154740840e-01
6.857035554521091480e-01 4.403508555322164142e+01 9.618254660141005719e-01
5.968512794121193510e-01 4.330956882836397170e+01 9.544210589609779527e-01
1.652481866172934577e-01 3.877346415321673589e+01 8.894783361698711532e-01
5.690544552273377743e-01 4.261437889845088733e+01 9.518905113727222922e-01
3.120188788418604697e-01 4.158993542405551835e+01 9.207617236014223883e-01
2.103281712070161069e-01 3.971718299349259951e+01 9.011599483372944031e-01
9.857695854431528515e-01 4.401584719742776741e+01 9.814056912185625814e-01
1.275104184499383786e-01 4.059746085676528793e+01 8.771527760693140774e-01
1.383153102599274931e+00 4.506715419268285672e+01 9.997856571878788179e-01
4.018052279879241739e-01 4.206180284290493177e+01 9.336810012347689369e-01
4.634660410668120512e-01 4.125568253735170998e+01 9.410935990532063311e-01
2.524066024638832451e-01 4.043607985523136961e+01 9.101430548705395918e-01
2.448370429947024918e-01 3.995255434936220951e+01 9.086337610763629558e-01
4.662719049264061333e-01 4.184197231112243287e+01 9.414088174346477711e-01
6.361119763967423291e-01 4.395089568814613301e+01 9.578128969864400100e-01
2.495006900677656236e-01 4.044611365685755544e+01 9.095686110472008812e-01
1.437766178158538466e+00 4.413250149149638446e+01 1.001884508870198420e+00
2.903538337761619736e-01 4.027996746944384654e+01 9.171360212811117130e-01
7.965074760558438216e-01 4.375420538234124024e+01 9.698755882145170260e-01
5.191481338636150245e-01 4.281462719881590573e+01 9.470425743479671254e-01
8.071398204204170979e-01 4.409911192284067738e+01 9.705906373992678748e-01
3.836286775010854244e-01 4.140144195113482084e+01 9.312956890962288403e-01
1.016460845162849014e-01 3.795162801658940310e+01 8.665442206910344281e-01
5.042966785868899793e-01 4.231709214606915026e+01 9.455159912182966586e-01
7.255540629433848698e-01 4.095711498134654960e+01 9.648550665648139013e-01
1.828149828207606686e-01 3.829276860881827815e+01 8.943441900539668143e-01
6.877965342846664720e-01 4.075057534234466061e+01 9.619887000752528339e-01
4.150930281156952062e-01 4.152239142996736376e+01 9.353628578888395495e-01
6.121168243328185543e-01 4.200197830445224412e+01 9.557641480196050754e-01
3.283139059958631867e-01 4.112797392809734021e+01 9.233400395456835552e-01
3.573902349221945163e-01 4.102017632496126964e+01 9.276628631950609716e-01
1.176013640987679798e+00 4.477760533539536425e+01 9.909820838220523287e-01
8.980969388394518527e-01 4.413879832438021111e+01 9.763600334110270618e-01
2.610419695292148234e-01 4.135489842393850068e+01 9.118150620472504908e-01
6.650859853075999917e-01 4.213784588043252199e+01 9.601917258613485995e-01
